№      A      B      Выигрыш A (x1,x2,x3)      Проигрыш B (y1,y2,y3)     v_up     v_low   
------------------------------------------------------------------------------------------
1      x1     y1     9, 1, 17                  9, 10, 13                 17.0000  9.0000  
2      x3     y1     18, 2, 34                 26, 14, 13                17.0000  6.5000  
3      x3     y3     31, 13, 34                43, 18, 13                11.3333  4.3333  
4      x3     y3     44, 24, 34                60, 22, 13                11.0000  3.2500  
5      x1     y3     57, 35, 34                69, 32, 26                11.4000  5.2000  
6      x1     y3     70, 46, 34                78, 42, 39                11.6667  6.5000  
7      x1     y3     83, 57, 34                87, 52, 52                11.8571  7.4286  
8      x1     y2     93, 75, 38                96, 62, 65                11.6250  7.7500  
9      x1     y2     103, 93, 42               105, 72, 78               11.4444  8.0000  
10     x1     y2     113, 111, 46              114, 82, 91               11.3000  8.2000  
11     x1     y2     123, 129, 50              123, 92, 104              11.7273  8.3636  
12     x2     y2     133, 147, 54              124, 110, 115             12.2500  9.1667  
13     x2     y2     143, 165, 58              125, 128, 126             12.6923  9.6154  
14     x2     y1     152, 166, 75              126, 146, 137             11.8571  9.0000  
15     x2     y1     161, 167, 92              127, 164, 148             11.1333  8.4667  
16     x2     y1     170, 168, 109             128, 182, 159             10.6250  8.0000  
17     x1     y1     179, 169, 126             137, 192, 172             10.5294  8.0588  
18     x1     y1     188, 170, 143             146, 202, 185             10.4444  8.1111  
19     x1     y1     197, 171, 160             155, 212, 198             10.3684  8.1579  
20     x1     y1     206, 172, 177             164, 222, 211             10.3000  8.2000  
21     x1     y1     215, 173, 194             173, 232, 224             10.2381  8.2381  
22     x1     y1     224, 174, 211             182, 242, 237             10.1818  8.2727  
23     x1     y1     233, 175, 228             191, 252, 250             10.1304  8.3043  
24     x1     y1     242, 176, 245             200, 262, 263             10.2083  8.3333  
25     x3     y1     251, 177, 262             217, 266, 263             10.4800  8.6800  
26     x3     y1     260, 178, 279             234, 270, 263             10.7308  9.0000  
27     x3     y1     269, 179, 296             251, 274, 263             10.9630  9.2963  
28     x3     y1     278, 180, 313             268, 278, 263             11.1786  9.3929  
29     x3     y3     291, 191, 313             285, 282, 263             10.7931  9.0690  
30     x3     y3     304, 202, 313             302, 286, 263             10.4333  8.7667  
31     x3     y3     317, 213, 313             319, 290, 263             10.2258  8.4839  
32     x1     y3     330, 224, 313             328, 300, 276             10.3125  8.6250  
33     x1     y3     343, 235, 313             337, 310, 289             10.3939  8.7576  
34     x1     y3     356, 246, 313             346, 320, 302             10.4706  8.8824  
35     x1     y3     369, 257, 313             355, 330, 315             10.5429  9.0000  
36     x1     y3     382, 268, 313             364, 340, 328             10.6111  9.1111  
37     x1     y3     395, 279, 313             373, 350, 341             10.6757  9.2162  
38     x1     y3     408, 290, 313             382, 360, 354             10.7368  9.3158  
39     x1     y3     421, 301, 313             391, 370, 367             10.7949  9.4103  
40     x1     y3     434, 312, 313             400, 380, 380             10.8500  9.5000  
41     x1     y2     444, 330, 317             409, 390, 393             10.8293  9.5122  
42     x1     y2     454, 348, 321             418, 400, 406             10.8095  9.5238  
43     x1     y2     464, 366, 325             427, 410, 419             10.7907  9.5349  
44     x1     y2     474, 384, 329             436, 420, 432             10.7727  9.5455  
45     x1     y2     484, 402, 333             445, 430, 445             10.7556  9.5556  
46     x1     y2     494, 420, 337             454, 440, 458             10.7391  9.5652  
47     x1     y2     504, 438, 341             463, 450, 471             10.7234  9.5745  
48     x1     y2     514, 456, 345             472, 460, 484             10.7083  9.5833  
49     x1     y2     524, 474, 349             481, 470, 497             10.6939  9.5918  
50     x1     y2     534, 492, 353             490, 480, 510             10.6800  9.6000  
51     x1     y2     544, 510, 357             499, 490, 523             10.6667  9.6078  
52     x1     y2     554, 528, 361             508, 500, 536             10.6538  9.6154  
53     x1     y2     564, 546, 365             517, 510, 549             10.6415  9.6226  
54     x1     y2     574, 564, 369             526, 520, 562             10.6296  9.6296  
55     x1     y2     584, 582, 373             535, 530, 575             10.6182  9.6364  
56     x1     y2     594, 600, 377             544, 540, 588             10.7143  9.6429  
57     x2     y2     604, 618, 381             545, 558, 599             10.8421  9.5614  
58     x2     y1     613, 619, 398             546, 576, 610             10.6724  9.4138  
59     x2     y1     622, 620, 415             547, 594, 621             10.5424  9.2712  
60     x1     y1     631, 621, 432             556, 604, 634             10.5167  9.2667  
61     x1     y1     640, 622, 449             565, 614, 647             10.4918  9.2623  
62     x1     y1     649, 623, 466             574, 624, 660             10.4677  9.2581  
63     x1     y1     658, 624, 483             583, 634, 673             10.4444  9.2540  
64     x1     y1     667, 625, 500             592, 644, 686             10.4219  9.2500  
65     x1     y1     676, 626, 517             601, 654, 699             10.4000  9.2462  
66     x1     y1     685, 627, 534             610, 664, 712             10.3788  9.2424  
67     x1     y1     694, 628, 551             619, 674, 725             10.3582  9.2388  
68     x1     y1     703, 629, 568             628, 684, 738             10.3382  9.2353  
69     x1     y1     712, 630, 585             637, 694, 751             10.3188  9.2319  
70     x1     y1     721, 631, 602             646, 704, 764             10.3000  9.2286  
71     x1     y1     730, 632, 619             655, 714, 777             10.2817  9.2254  
72     x1     y1     739, 633, 636             664, 724, 790             10.2639  9.2222  
73     x1     y1     748, 634, 653             673, 734, 803             10.2466  9.2192  
74     x1     y1     757, 635, 670             682, 744, 816             10.2297  9.2162  
75     x1     y1     766, 636, 687             691, 754, 829             10.2133  9.2133  
76     x1     y1     775, 637, 704             700, 764, 842             10.1974  9.2105  
77     x1     y1     784, 638, 721             709, 774, 855             10.1818  9.2078  
78     x1     y1     793, 639, 738             718, 784, 868             10.1667  9.2051  
79     x1     y1     802, 640, 755             727, 794, 881             10.1519  9.2025  
80     x1     y1     811, 641, 772             736, 804, 894             10.1375  9.2000  
81     x1     y1     820, 642, 789             745, 814, 907             10.1235  9.1975  
82     x1     y1     829, 643, 806             754, 824, 920             10.1098  9.1951  
83     x1     y1     838, 644, 823             763, 834, 933             10.0964  9.1928  
84     x1     y1     847, 645, 840             772, 844, 946             10.0833  9.1905  
85     x1     y1     856, 646, 857             781, 854, 959             10.0824  9.1882  
86     x3     y1     865, 647, 874             798, 858, 959             10.1628  9.2791  
87     x3     y1     874, 648, 891             815, 862, 959             10.2414  9.3678  
88     x3     y1     883, 649, 908             832, 866, 959             10.3182  9.4545  
89     x3     y1     892, 650, 925             849, 870, 959             10.3933  9.5393  
90     x3     y1     901, 651, 942             866, 874, 959             10.4667  9.6222  
91     x3     y1     910, 652, 959             883, 878, 959             10.5385  9.6484  
92     x3     y2     920, 670, 963             900, 882, 959             10.4674  9.5870  
93     x3     y2     930, 688, 967             917, 886, 959             10.3978  9.5269  
94     x3     y2     940, 706, 971             934, 890, 959             10.3298  9.4681  
95     x3     y2     950, 724, 975             951, 894, 959             10.2632  9.4105  
96     x3     y2     960, 742, 979             968, 898, 959             10.1979  9.3542  
97     x3     y2     970, 760, 983             985, 902, 959             10.1340  9.2990  
98     x3     y2     980, 778, 987             1002, 906, 959            10.0714  9.2449  
99     x3     y2     990, 796, 991             1019, 910, 959            10.0101  9.1919  
100    x3     y2     1000, 814, 995            1036, 914, 959            10.0000  9.1400  
101    x1     y2     1010, 832, 999            1045, 924, 972            10.0000  9.1485  
102    x1     y2     1020, 850, 1003           1054, 934, 985            10.0000  9.1569  
103    x1     y2     1030, 868, 1007           1063, 944, 998            10.0000  9.1650  
104    x1     y2     1040, 886, 1011           1072, 954, 1011           10.0000  9.1731  
105    x1     y2     1050, 904, 1015           1081, 964, 1024           10.0000  9.1810  
106    x1     y2     1060, 922, 1019           1090, 974, 1037           10.0000  9.1887  
107    x1     y2     1070, 940, 1023           1099, 984, 1050           10.0000  9.1963  
108    x1     y2     1080, 958, 1027           1108, 994, 1063           10.0000  9.2037  
109    x1     y2     1090, 976, 1031           1117, 1004, 1076          10.0000  9.2110  
110    x1     y2     1100, 994, 1035           1126, 1014, 1089          10.0000  9.2182  
111    x1     y2     1110, 1012, 1039          1135, 1024, 1102          10.0000  9.2252  
112    x1     y2     1120, 1030, 1043          1144, 1034, 1115          10.0000  9.2321  
113    x1     y2     1130, 1048, 1047          1153, 1044, 1128          10.0000  9.2389  
114    x1     y2     1140, 1066, 1051          1162, 1054, 1141          10.0000  9.2456  
115    x1     y2     1150, 1084, 1055          1171, 1064, 1154          10.0000  9.2522  
116    x1     y2     1160, 1102, 1059          1180, 1074, 1167          10.0000  9.2586  
117    x1     y2     1170, 1120, 1063          1189, 1084, 1180          10.0000  9.2650  
118    x1     y2     1180, 1138, 1067          1198, 1094, 1193          10.0000  9.2712  
119    x1     y2     1190, 1156, 1071          1207, 1104, 1206          10.0000  9.2773  
120    x1     y2     1200, 1174, 1075          1216, 1114, 1219          10.0000  9.2833  
121    x1     y2     1210, 1192, 1079          1225, 1124, 1232          10.0000  9.2893  
122    x1     y2     1220, 1210, 1083          1234, 1134, 1245          10.0000  9.2951  
123    x1     y2     1230, 1228, 1087          1243, 1144, 1258          10.0000  9.3008  
124    x1     y2     1240, 1246, 1091          1252, 1154, 1271          10.0484  9.3065  
125    x2     y2     1250, 1264, 1095          1253, 1172, 1282          10.1120  9.3760  
126    x2     y2     1260, 1282, 1099          1254, 1190, 1293          10.1746  9.4444  
127    x2     y2     1270, 1300, 1103          1255, 1208, 1304          10.2362  9.5118  
128    x2     y2     1280, 1318, 1107          1256, 1226, 1315          10.2969  9.5781  
129    x2     y2     1290, 1336, 1111          1257, 1244, 1326          10.3566  9.6434  
130    x2     y2     1300, 1354, 1115          1258, 1262, 1337          10.4154  9.6769  
131    x2     y1     1309, 1355, 1132          1259, 1280, 1348          10.3435  9.6107  
132    x2     y1     1318, 1356, 1149          1260, 1298, 1359          10.2727  9.5455  
133    x2     y1     1327, 1357, 1166          1261, 1316, 1370          10.2030  9.4812  
134    x2     y1     1336, 1358, 1183          1262, 1334, 1381          10.1343  9.4179  
135    x2     y1     1345, 1359, 1200          1263, 1352, 1392          10.0667  9.3556  
136    x2     y1     1354, 1360, 1217          1264, 1370, 1403          10.0000  9.2941  
137    x2     y1     1363, 1361, 1234          1265, 1388, 1414          9.9489   9.2336  
138    x1     y1     1372, 1362, 1251          1274, 1398, 1427          9.9420   9.2319  
139    x1     y1     1381, 1363, 1268          1283, 1408, 1440          9.9353   9.2302  
140    x1     y1     1390, 1364, 1285          1292, 1418, 1453          9.9286   9.2286  
141    x1     y1     1399, 1365, 1302          1301, 1428, 1466          9.9220   9.2270  
142    x1     y1     1408, 1366, 1319          1310, 1438, 1479          9.9155   9.2254  
143    x1     y1     1417, 1367, 1336          1319, 1448, 1492          9.9091   9.2238  
144    x1     y1     1426, 1368, 1353          1328, 1458, 1505          9.9028   9.2222  
145    x1     y1     1435, 1369, 1370          1337, 1468, 1518          9.8966   9.2207  
146    x1     y1     1444, 1370, 1387          1346, 1478, 1531          9.8904   9.2192  
147    x1     y1     1453, 1371, 1404          1355, 1488, 1544          9.8844   9.2177  
148    x1     y1     1462, 1372, 1421          1364, 1498, 1557          9.8784   9.2162  
149    x1     y1     1471, 1373, 1438          1373, 1508, 1570          9.8725   9.2148  
150    x1     y1     1480, 1374, 1455          1382, 1518, 1583          9.8667   9.2133  
151    x1     y1     1489, 1375, 1472          1391, 1528, 1596          9.8609   9.2119  
152    x1     y1     1498, 1376, 1489          1400, 1538, 1609          9.8553   9.2105  
153    x1     y1     1507, 1377, 1506          1409, 1548, 1622          9.8497   9.2092  
154    x1     y1     1516, 1378, 1523          1418, 1558, 1635          9.8896   9.2078  
155    x3     y1     1525, 1379, 1540          1435, 1562, 1635          9.9355   9.2581  
156    x3     y1     1534, 1380, 1557          1452, 1566, 1635          9.9808   9.3077  
157    x3     y1     1543, 1381, 1574          1469, 1570, 1635          10.0255  9.3567  
158    x3     y1     1552, 1382, 1591          1486, 1574, 1635          10.0696  9.4051  
159    x3     y1     1561, 1383, 1608          1503, 1578, 1635          10.1132  9.4528  
160    x3     y1     1570, 1384, 1625          1520, 1582, 1635          10.1562  9.5000  
161    x3     y1     1579, 1385, 1642          1537, 1586, 1635          10.1988  9.5466  
162    x3     y1     1588, 1386, 1659          1554, 1590, 1635          10.2407  9.5926  
163    x3     y1     1597, 1387, 1676          1571, 1594, 1635          10.2822  9.6380  
164    x3     y1     1606, 1388, 1693          1588, 1598, 1635          10.3232  9.6829  
165    x3     y1     1615, 1389, 1710          1605, 1602, 1635          10.3636  9.7091  
166    x3     y2     1625, 1407, 1714          1622, 1606, 1635          10.3253  9.6747  
167    x3     y2     1635, 1425, 1718          1639, 1610, 1635          10.2874  9.6407  
168    x3     y2     1645, 1443, 1722          1656, 1614, 1635          10.2500  9.6071  
169    x3     y2     1655, 1461, 1726          1673, 1618, 1635          10.2130  9.5740  
170    x3     y2     1665, 1479, 1730          1690, 1622, 1635          10.1765  9.5412  
171    x3     y2     1675, 1497, 1734          1707, 1626, 1635          10.1404  9.5088  
172    x3     y2     1685, 1515, 1738          1724, 1630, 1635          10.1047  9.4767  
173    x3     y2     1695, 1533, 1742          1741, 1634, 1635          10.0694  9.4451  
174    x3     y2     1705, 1551, 1746          1758, 1638, 1635          10.0345  9.3966  
175    x3     y3     1718, 1562, 1746          1775, 1642, 1635          9.9771   9.3429  
176    x3     y3     1731, 1573, 1746          1792, 1646, 1635          9.9205   9.2898  
177    x3     y3     1744, 1584, 1746          1809, 1650, 1635          9.8644   9.2373  
178    x3     y3     1757, 1595, 1746          1826, 1654, 1635          9.8708   9.1854  
179    x1     y3     1770, 1606, 1746          1835, 1664, 1648          9.8883   9.2067  
180    x1     y3     1783, 1617, 1746          1844, 1674, 1661          9.9056   9.2278  
181    x1     y3     1796, 1628, 1746          1853, 1684, 1674          9.9227   9.2486  
182    x1     y3     1809, 1639, 1746          1862, 1694, 1687          9.9396   9.2692  
183    x1     y3     1822, 1650, 1746          1871, 1704, 1700          9.9563   9.2896  
184    x1     y3     1835, 1661, 1746          1880, 1714, 1713          9.9728   9.3098  
185    x1     y3     1848, 1672, 1746          1889, 1724, 1726          9.9892   9.3189  
186    x1     y2     1858, 1690, 1750          1898, 1734, 1739          9.9892   9.3226  
187    x1     y2     1868, 1708, 1754          1907, 1744, 1752          9.9893   9.3262  
188    x1     y2     1878, 1726, 1758          1916, 1754, 1765          9.9894   9.3298  
189    x1     y2     1888, 1744, 1762          1925, 1764, 1778          9.9894   9.3333  
190    x1     y2     1898, 1762, 1766          1934, 1774, 1791          9.9895   9.3368  
191    x1     y2     1908, 1780, 1770          1943, 1784, 1804          9.9895   9.3403  
192    x1     y2     1918, 1798, 1774          1952, 1794, 1817          9.9896   9.3438  
193    x1     y2     1928, 1816, 1778          1961, 1804, 1830          9.9896   9.3472  
194    x1     y2     1938, 1834, 1782          1970, 1814, 1843          9.9897   9.3505  
195    x1     y2     1948, 1852, 1786          1979, 1824, 1856          9.9897   9.3538  
196    x1     y2     1958, 1870, 1790          1988, 1834, 1869          9.9898   9.3571  
197    x1     y2     1968, 1888, 1794          1997, 1844, 1882          9.9898   9.3604  
198    x1     y2     1978, 1906, 1798          2006, 1854, 1895          9.9899   9.3636  
199    x1     y2     1988, 1924, 1802          2015, 1864, 1908          9.9899   9.3668  
200    x1     y2     1998, 1942, 1806          2024, 1874, 1921          9.9900   9.3700  
201    x1     y2     2008, 1960, 1810          2033, 1884, 1934          9.9900   9.3731  
202    x1     y2     2018, 1978, 1814          2042, 1894, 1947          9.9901   9.3762  
203    x1     y2     2028, 1996, 1818          2051, 1904, 1960          9.9901   9.3793  
204    x1     y2     2038, 2014, 1822          2060, 1914, 1973          9.9902   9.3824  
205    x1     y2     2048, 2032, 1826          2069, 1924, 1986          9.9902   9.3854  
206    x1     y2     2058, 2050, 1830          2078, 1934, 1999          9.9903   9.3883  
207    x1     y2     2068, 2068, 1834          2087, 1944, 2012          9.9903   9.3913  
208    x1     y2     2078, 2086, 1838          2096, 1954, 2025          10.0288  9.3942  
209    x2     y2     2088, 2104, 1842          2097, 1972, 2036          10.0670  9.4354  
210    x2     y2     2098, 2122, 1846          2098, 1990, 2047          10.1048  9.4762  
211    x2     y2     2108, 2140, 1850          2099, 2008, 2058          10.1422  9.5166  
212    x2     y2     2118, 2158, 1854          2100, 2026, 2069          10.1792  9.5566  
213    x2     y2     2128, 2176, 1858          2101, 2044, 2080          10.2160  9.5962  
214    x2     y2     2138, 2194, 1862          2102, 2062, 2091          10.2523  9.6355  
215    x2     y2     2148, 2212, 1866          2103, 2080, 2102          10.2884  9.6744  
216    x2     y2     2158, 2230, 1870          2104, 2098, 2113          10.3241  9.7130  
217    x2     y2     2168, 2248, 1874          2105, 2116, 2124          10.3594  9.7005  
218    x2     y1     2177, 2249, 1891          2106, 2134, 2135          10.3165  9.6606  
219    x2     y1     2186, 2250, 1908          2107, 2152, 2146          10.2740  9.6210  
220    x2     y1     2195, 2251, 1925          2108, 2170, 2157          10.2318  9.5818  
221    x2     y1     2204, 2252, 1942          2109, 2188, 2168          10.1900  9.5430  
222    x2     y1     2213, 2253, 1959          2110, 2206, 2179          10.1486  9.5045  
223    x2     y1     2222, 2254, 1976          2111, 2224, 2190          10.1076  9.4664  
224    x2     y1     2231, 2255, 1993          2112, 2242, 2201          10.0670  9.4286  
225    x2     y1     2240, 2256, 2010          2113, 2260, 2212          10.0267  9.3911  
226    x2     y1     2249, 2257, 2027          2114, 2278, 2223          9.9867   9.3540  
227    x2     y1     2258, 2258, 2044          2115, 2296, 2234          9.9471   9.3172  
228    x1     y1     2267, 2259, 2061          2124, 2306, 2247          9.9430   9.3158  
229    x1     y1     2276, 2260, 2078          2133, 2316, 2260          9.9389   9.3144  
230    x1     y1     2285, 2261, 2095          2142, 2326, 2273          9.9348   9.3130  
231    x1     y1     2294, 2262, 2112          2151, 2336, 2286          9.9307   9.3117  
232    x1     y1     2303, 2263, 2129          2160, 2346, 2299          9.9267   9.3103  
233    x1     y1     2312, 2264, 2146          2169, 2356, 2312          9.9227   9.3090  
234    x1     y1     2321, 2265, 2163          2178, 2366, 2325          9.9188   9.3077  
235    x1     y1     2330, 2266, 2180          2187, 2376, 2338          9.9149   9.3064  
236    x1     y1     2339, 2267, 2197          2196, 2386, 2351          9.9110   9.3051  
237    x1     y1     2348, 2268, 2214          2205, 2396, 2364          9.9072   9.3038  
238    x1     y1     2357, 2269, 2231          2214, 2406, 2377          9.9034   9.3025  
239    x1     y1     2366, 2270, 2248          2223, 2416, 2390          9.8996   9.3013  
240    x1     y1     2375, 2271, 2265          2232, 2426, 2403          9.8958   9.3000  
241    x1     y1     2384, 2272, 2282          2241, 2436, 2416          9.8921   9.2988  
242    x1     y1     2393, 2273, 2299          2250, 2446, 2429          9.8884   9.2975  
243    x1     y1     2402, 2274, 2316          2259, 2456, 2442          9.8848   9.2963  
244    x1     y1     2411, 2275, 2333          2268, 2466, 2455          9.8811   9.2951  
245    x1     y1     2420, 2276, 2350          2277, 2476, 2468          9.8776   9.2939  
246    x1     y1     2429, 2277, 2367          2286, 2486, 2481          9.8740   9.2927  
247    x1     y1     2438, 2278, 2384          2295, 2496, 2494          9.8704   9.2915  
248    x1     y1     2447, 2279, 2401          2304, 2506, 2507          9.8669   9.2903  
249    x1     y1     2456, 2280, 2418          2313, 2516, 2520          9.8635   9.2892  
250    x1     y1     2465, 2281, 2435          2322, 2526, 2533          9.8600   9.2880  
251    x1     y1     2474, 2282, 2452          2331, 2536, 2546          9.8566   9.2869  
252    x1     y1     2483, 2283, 2469          2340, 2546, 2559          9.8532   9.2857  
253    x1     y1     2492, 2284, 2486          2349, 2556, 2572          9.8498   9.2846  
254    x1     y1     2501, 2285, 2503          2358, 2566, 2585          9.8543   9.2835  
255    x3     y1     2510, 2286, 2520          2375, 2570, 2585          9.8824   9.3137  
256    x3     y1     2519, 2287, 2537          2392, 2574, 2585          9.9102   9.3438  
257    x3     y1     2528, 2288, 2554          2409, 2578, 2585          9.9377   9.3735  
258    x3     y1     2537, 2289, 2571          2426, 2582, 2585          9.9651   9.4031  
259    x3     y1     2546, 2290, 2588          2443, 2586, 2585          9.9923   9.4324  
260    x3     y1     2555, 2291, 2605          2460, 2590, 2585          10.0192  9.4615  
261    x3     y1     2564, 2292, 2622          2477, 2594, 2585          10.0460  9.4904  
262    x3     y1     2573, 2293, 2639          2494, 2598, 2585          10.0725  9.5191  
263    x3     y1     2582, 2294, 2656          2511, 2602, 2585          10.0989  9.5475  
264    x3     y1     2591, 2295, 2673          2528, 2606, 2585          10.1250  9.5758  
265    x3     y1     2600, 2296, 2690          2545, 2610, 2585          10.1509  9.6038  
266    x3     y1     2609, 2297, 2707          2562, 2614, 2585          10.1767  9.6316  
267    x3     y1     2618, 2298, 2724          2579, 2618, 2585          10.2022  9.6592  
268    x3     y1     2627, 2299, 2741          2596, 2622, 2585          10.2276  9.6455  
269    x3     y3     2640, 2310, 2741          2613, 2626, 2585          10.1896  9.6097  
270    x3     y3     2653, 2321, 2741          2630, 2630, 2585          10.1519  9.5741  
271    x3     y3     2666, 2332, 2741          2647, 2634, 2585          10.1144  9.5387  
272    x3     y3     2679, 2343, 2741          2664, 2638, 2585          10.0772  9.5037  
273    x3     y3     2692, 2354, 2741          2681, 2642, 2585          10.0403  9.4689  
274    x3     y3     2705, 2365, 2741          2698, 2646, 2585          10.0036  9.4343  
275    x3     y3     2718, 2376, 2741          2715, 2650, 2585          9.9673   9.4000  
276    x3     y3     2731, 2387, 2741          2732, 2654, 2585          9.9312   9.3659  
277    x3     y3     2744, 2398, 2741          2749, 2658, 2585          9.9061   9.3321  
278    x1     y3     2757, 2409, 2741          2758, 2668, 2598          9.9173   9.3453  
279    x1     y3     2770, 2420, 2741          2767, 2678, 2611          9.9283   9.3584  
280    x1     y3     2783, 2431, 2741          2776, 2688, 2624          9.9393   9.3714  
281    x1     y3     2796, 2442, 2741          2785, 2698, 2637          9.9502   9.3843  
282    x1     y3     2809, 2453, 2741          2794, 2708, 2650          9.9610   9.3972  
283    x1     y3     2822, 2464, 2741          2803, 2718, 2663          9.9717   9.4099  
284    x1     y3     2835, 2475, 2741          2812, 2728, 2676          9.9824   9.4225  
285    x1     y3     2848, 2486, 2741          2821, 2738, 2689          9.9930   9.4351  
286    x1     y3     2861, 2497, 2741          2830, 2748, 2702          10.0035  9.4476  
287    x1     y3     2874, 2508, 2741          2839, 2758, 2715          10.0139  9.4599  
288    x1     y3     2887, 2519, 2741          2848, 2768, 2728          10.0243  9.4722  
289    x1     y3     2900, 2530, 2741          2857, 2778, 2741          10.0346  9.4844  
290    x1     y3     2913, 2541, 2741          2866, 2788, 2754          10.0448  9.4966  
291    x1     y3     2926, 2552, 2741          2875, 2798, 2767          10.0550  9.5086  
292    x1     y3     2939, 2563, 2741          2884, 2808, 2780          10.0651  9.5205  
293    x1     y3     2952, 2574, 2741          2893, 2818, 2793          10.0751  9.5324  
294    x1     y3     2965, 2585, 2741          2902, 2828, 2806          10.0850  9.5442  
295    x1     y3     2978, 2596, 2741          2911, 2838, 2819          10.0949  9.5559  
296    x1     y3     2991, 2607, 2741          2920, 2848, 2832          10.1047  9.5676  
297    x1     y3     3004, 2618, 2741          2929, 2858, 2845          10.1145  9.5791  
298    x1     y3     3017, 2629, 2741          2938, 2868, 2858          10.1242  9.5906  
299    x1     y3     3030, 2640, 2741          2947, 2878, 2871          10.1338  9.6020  
300    x1     y3     3043, 2651, 2741          2956, 2888, 2884          10.1433  9.6133  
301    x1     y3     3056, 2662, 2741          2965, 2898, 2897          10.1528  9.6246  
302    x1     y3     3069, 2673, 2741          2974, 2908, 2910          10.1623  9.6291  
303    x1     y2     3079, 2691, 2745          2983, 2918, 2923          10.1617  9.6304  
304    x1     y2     3089, 2709, 2749          2992, 2928, 2936          10.1612  9.6316  
305    x1     y2     3099, 2727, 2753          3001, 2938, 2949          10.1607  9.6328  
306    x1     y2     3109, 2745, 2757          3010, 2948, 2962          10.1601  9.6340  
307    x1     y2     3119, 2763, 2761          3019, 2958, 2975          10.1596  9.6352  
308    x1     y2     3129, 2781, 2765          3028, 2968, 2988          10.1591  9.6364  
309    x1     y2     3139, 2799, 2769          3037, 2978, 3001          10.1586  9.6375  
310    x1     y2     3149, 2817, 2773          3046, 2988, 3014          10.1581  9.6387  
311    x1     y2     3159, 2835, 2777          3055, 2998, 3027          10.1576  9.6399  
312    x1     y2     3169, 2853, 2781          3064, 3008, 3040          10.1571  9.6410  
313    x1     y2     3179, 2871, 2785          3073, 3018, 3053          10.1565  9.6422  
314    x1     y2     3189, 2889, 2789          3082, 3028, 3066          10.1561  9.6433  
315    x1     y2     3199, 2907, 2793          3091, 3038, 3079          10.1556  9.6444  
316    x1     y2     3209, 2925, 2797          3100, 3048, 3092          10.1551  9.6456  
317    x1     y2     3219, 2943, 2801          3109, 3058, 3105          10.1546  9.6467  
318    x1     y2     3229, 2961, 2805          3118, 3068, 3118          10.1541  9.6478  
319    x1     y2     3239, 2979, 2809          3127, 3078, 3131          10.1536  9.6489  
320    x1     y2     3249, 2997, 2813          3136, 3088, 3144          10.1531  9.6500  
321    x1     y2     3259, 3015, 2817          3145, 3098, 3157          10.1526  9.6511  
322    x1     y2     3269, 3033, 2821          3154, 3108, 3170          10.1522  9.6522  
323    x1     y2     3279, 3051, 2825          3163, 3118, 3183          10.1517  9.6533  
324    x1     y2     3289, 3069, 2829          3172, 3128, 3196          10.1512  9.6543  
325    x1     y2     3299, 3087, 2833          3181, 3138, 3209          10.1508  9.6554  
326    x1     y2     3309, 3105, 2837          3190, 3148, 3222          10.1503  9.6564  
327    x1     y2     3319, 3123, 2841          3199, 3158, 3235          10.1498  9.6575  
328    x1     y2     3329, 3141, 2845          3208, 3168, 3248          10.1494  9.6585  
329    x1     y2     3339, 3159, 2849          3217, 3178, 3261          10.1489  9.6596  
330    x1     y2     3349, 3177, 2853          3226, 3188, 3274          10.1485  9.6606  
331    x1     y2     3359, 3195, 2857          3235, 3198, 3287          10.1480  9.6616  
332    x1     y2     3369, 3213, 2861          3244, 3208, 3300          10.1476  9.6627  
333    x1     y2     3379, 3231, 2865          3253, 3218, 3313          10.1471  9.6637  
334    x1     y2     3389, 3249, 2869          3262, 3228, 3326          10.1467  9.6647  
335    x1     y2     3399, 3267, 2873          3271, 3238, 3339          10.1463  9.6657  
336    x1     y2     3409, 3285, 2877          3280, 3248, 3352          10.1458  9.6667  
337    x1     y2     3419, 3303, 2881          3289, 3258, 3365          10.1454  9.6677  
338    x1     y2     3429, 3321, 2885          3298, 3268, 3378          10.1450  9.6686  
339    x1     y2     3439, 3339, 2889          3307, 3278, 3391          10.1445  9.6696  
340    x1     y2     3449, 3357, 2893          3316, 3288, 3404          10.1441  9.6706  
341    x1     y2     3459, 3375, 2897          3325, 3298, 3417          10.1437  9.6716  
342    x1     y2     3469, 3393, 2901          3334, 3308, 3430          10.1433  9.6725  
343    x1     y2     3479, 3411, 2905          3343, 3318, 3443          10.1429  9.6735  
344    x1     y2     3489, 3429, 2909          3352, 3328, 3456          10.1424  9.6744  
345    x1     y2     3499, 3447, 2913          3361, 3338, 3469          10.1420  9.6754  
346    x1     y2     3509, 3465, 2917          3370, 3348, 3482          10.1416  9.6763  
347    x1     y2     3519, 3483, 2921          3379, 3358, 3495          10.1412  9.6772  
348    x1     y2     3529, 3501, 2925          3388, 3368, 3508          10.1408  9.6782  
349    x1     y2     3539, 3519, 2929          3397, 3378, 3521          10.1404  9.6791  
350    x1     y2     3549, 3537, 2933          3406, 3388, 3534          10.1400  9.6800  
351    x1     y2     3559, 3555, 2937          3415, 3398, 3547          10.1396  9.6809  
352    x1     y2     3569, 3573, 2941          3424, 3408, 3560          10.1506  9.6818  
353    x2     y2     3579, 3591, 2945          3425, 3426, 3571          10.1728  9.7025  
354    x2     y1     3588, 3592, 2962          3426, 3444, 3582          10.1469  9.6780  
355    x2     y1     3597, 3593, 2979          3427, 3462, 3593          10.1324  9.6535  
356    x1     y1     3606, 3594, 2996          3436, 3472, 3606          10.1292  9.6517  
357    x1     y1     3615, 3595, 3013          3445, 3482, 3619          10.1261  9.6499  
358    x1     y1     3624, 3596, 3030          3454, 3492, 3632          10.1229  9.6480  
359    x1     y1     3633, 3597, 3047          3463, 3502, 3645          10.1198  9.6462  
360    x1     y1     3642, 3598, 3064          3472, 3512, 3658          10.1167  9.6444  
361    x1     y1     3651, 3599, 3081          3481, 3522, 3671          10.1136  9.6427  
362    x1     y1     3660, 3600, 3098          3490, 3532, 3684          10.1105  9.6409  
363    x1     y1     3669, 3601, 3115          3499, 3542, 3697          10.1074  9.6391  
364    x1     y1     3678, 3602, 3132          3508, 3552, 3710          10.1044  9.6374  
365    x1     y1     3687, 3603, 3149          3517, 3562, 3723          10.1014  9.6356  
366    x1     y1     3696, 3604, 3166          3526, 3572, 3736          10.0984  9.6339  
367    x1     y1     3705, 3605, 3183          3535, 3582, 3749          10.0954  9.6322  
368    x1     y1     3714, 3606, 3200          3544, 3592, 3762          10.0924  9.6304  
369    x1     y1     3723, 3607, 3217          3553, 3602, 3775          10.0894  9.6287  
370    x1     y1     3732, 3608, 3234          3562, 3612, 3788          10.0865  9.6270  
371    x1     y1     3741, 3609, 3251          3571, 3622, 3801          10.0836  9.6253  
372    x1     y1     3750, 3610, 3268          3580, 3632, 3814          10.0806  9.6237  
373    x1     y1     3759, 3611, 3285          3589, 3642, 3827          10.0777  9.6220  
374    x1     y1     3768, 3612, 3302          3598, 3652, 3840          10.0749  9.6203  
375    x1     y1     3777, 3613, 3319          3607, 3662, 3853          10.0720  9.6187  
376    x1     y1     3786, 3614, 3336          3616, 3672, 3866          10.0691  9.6170  
377    x1     y1     3795, 3615, 3353          3625, 3682, 3879          10.0663  9.6154  
378    x1     y1     3804, 3616, 3370          3634, 3692, 3892          10.0635  9.6138  
379    x1     y1     3813, 3617, 3387          3643, 3702, 3905          10.0607  9.6121  
380    x1     y1     3822, 3618, 3404          3652, 3712, 3918          10.0579  9.6105  
381    x1     y1     3831, 3619, 3421          3661, 3722, 3931          10.0551  9.6089  
382    x1     y1     3840, 3620, 3438          3670, 3732, 3944          10.0524  9.6073  
383    x1     y1     3849, 3621, 3455          3679, 3742, 3957          10.0496  9.6057  
384    x1     y1     3858, 3622, 3472          3688, 3752, 3970          10.0469  9.6042  
385    x1     y1     3867, 3623, 3489          3697, 3762, 3983          10.0442  9.6026  
386    x1     y1     3876, 3624, 3506          3706, 3772, 3996          10.0415  9.6010  
387    x1     y1     3885, 3625, 3523          3715, 3782, 4009          10.0388  9.5995  
388    x1     y1     3894, 3626, 3540          3724, 3792, 4022          10.0361  9.5979  
389    x1     y1     3903, 3627, 3557          3733, 3802, 4035          10.0334  9.5964  
390    x1     y1     3912, 3628, 3574          3742, 3812, 4048          10.0308  9.5949  
391    x1     y1     3921, 3629, 3591          3751, 3822, 4061          10.0281  9.5934  
392    x1     y1     3930, 3630, 3608          3760, 3832, 4074          10.0255  9.5918  
393    x1     y1     3939, 3631, 3625          3769, 3842, 4087          10.0229  9.5903  
394    x1     y1     3948, 3632, 3642          3778, 3852, 4100          10.0203  9.5888  
395    x1     y1     3957, 3633, 3659          3787, 3862, 4113          10.0177  9.5873  
396    x1     y1     3966, 3634, 3676          3796, 3872, 4126          10.0152  9.5859  
397    x1     y1     3975, 3635, 3693          3805, 3882, 4139          10.0126  9.5844  
398    x1     y1     3984, 3636, 3710          3814, 3892, 4152          10.0101  9.5829  
399    x1     y1     3993, 3637, 3727          3823, 3902, 4165          10.0075  9.5815  
400    x1     y1     4002, 3638, 3744          3832, 3912, 4178          10.0050  9.5800  
401    x1     y1     4011, 3639, 3761          3841, 3922, 4191          10.0025  9.5786  
402    x1     y1     4020, 3640, 3778          3850, 3932, 4204          10.0000  9.5771  
403    x1     y1     4029, 3641, 3795          3859, 3942, 4217          9.9975   9.5757  
404    x1     y1     4038, 3642, 3812          3868, 3952, 4230          9.9950   9.5743  
405    x1     y1     4047, 3643, 3829          3877, 3962, 4243          9.9926   9.5728  
406    x1     y1     4056, 3644, 3846          3886, 3972, 4256          9.9901   9.5714  
407    x1     y1     4065, 3645, 3863          3895, 3982, 4269          9.9877   9.5700  
408    x1     y1     4074, 3646, 3880          3904, 3992, 4282          9.9853   9.5686  
409    x1     y1     4083, 3647, 3897          3913, 4002, 4295          9.9829   9.5672  
410    x1     y1     4092, 3648, 3914          3922, 4012, 4308          9.9805   9.5659  
411    x1     y1     4101, 3649, 3931          3931, 4022, 4321          9.9781   9.5645  
412    x1     y1     4110, 3650, 3948          3940, 4032, 4334          9.9757   9.5631  
413    x1     y1     4119, 3651, 3965          3949, 4042, 4347          9.9734   9.5617  
414    x1     y1     4128, 3652, 3982          3958, 4052, 4360          9.9710   9.5604  
415    x1     y1     4137, 3653, 3999          3967, 4062, 4373          9.9687   9.5590  
416    x1     y1     4146, 3654, 4016          3976, 4072, 4386          9.9663   9.5577  
417    x1     y1     4155, 3655, 4033          3985, 4082, 4399          9.9640   9.5564  
418    x1     y1     4164, 3656, 4050          3994, 4092, 4412          9.9617   9.5550  
419    x1     y1     4173, 3657, 4067          4003, 4102, 4425          9.9594   9.5537  
420    x1     y1     4182, 3658, 4084          4012, 4112, 4438          9.9571   9.5524  
421    x1     y1     4191, 3659, 4101          4021, 4122, 4451          9.9549   9.5511  
422    x1     y1     4200, 3660, 4118          4030, 4132, 4464          9.9526   9.5498  
423    x1     y1     4209, 3661, 4135          4039, 4142, 4477          9.9504   9.5485  
424    x1     y1     4218, 3662, 4152          4048, 4152, 4490          9.9481   9.5472  
425    x1     y1     4227, 3663, 4169          4057, 4162, 4503          9.9459   9.5459  
426    x1     y1     4236, 3664, 4186          4066, 4172, 4516          9.9437   9.5446  
427    x1     y1     4245, 3665, 4203          4075, 4182, 4529          9.9415   9.5433  
428    x1     y1     4254, 3666, 4220          4084, 4192, 4542          9.9393   9.5421  
429    x1     y1     4263, 3667, 4237          4093, 4202, 4555          9.9371   9.5408  
430    x1     y1     4272, 3668, 4254          4102, 4212, 4568          9.9349   9.5395  
431    x1     y1     4281, 3669, 4271          4111, 4222, 4581          9.9327   9.5383  
432    x1     y1     4290, 3670, 4288          4120, 4232, 4594          9.9306   9.5370  
433    x1     y1     4299, 3671, 4305          4129, 4242, 4607          9.9423   9.5358  
434    x3     y1     4308, 3672, 4322          4146, 4246, 4607          9.9585   9.5530  
435    x3     y1     4317, 3673, 4339          4163, 4250, 4607          9.9747   9.5701  
436    x3     y1     4326, 3674, 4356          4180, 4254, 4607          9.9908   9.5872  
437    x3     y1     4335, 3675, 4373          4197, 4258, 4607          10.0069  9.6041  
438    x3     y1     4344, 3676, 4390          4214, 4262, 4607          10.0228  9.6210  
439    x3     y1     4353, 3677, 4407          4231, 4266, 4607          10.0387  9.6378  
440    x3     y1     4362, 3678, 4424          4248, 4270, 4607          10.0545  9.6545  
441    x3     y1     4371, 3679, 4441          4265, 4274, 4607          10.0703  9.6712  
442    x3     y1     4380, 3680, 4458          4282, 4278, 4607          10.0860  9.6787  
443    x3     y2     4390, 3698, 4462          4299, 4282, 4607          10.0722  9.6659  
444    x3     y2     4400, 3716, 4466          4316, 4286, 4607          10.0586  9.6532  
445    x3     y2     4410, 3734, 4470          4333, 4290, 4607          10.0449  9.6404  
446    x3     y2     4420, 3752, 4474          4350, 4294, 4607          10.0314  9.6278  
447    x3     y2     4430, 3770, 4478          4367, 4298, 4607          10.0179  9.6152  
448    x3     y2     4440, 3788, 4482          4384, 4302, 4607          10.0045  9.6027  
449    x3     y2     4450, 3806, 4486          4401, 4306, 4607          9.9911   9.5902  
450    x3     y2     4460, 3824, 4490          4418, 4310, 4607          9.9778   9.5778  
451    x3     y2     4470, 3842, 4494          4435, 4314, 4607          9.9645   9.5654  
452    x3     y2     4480, 3860, 4498          4452, 4318, 4607          9.9513   9.5531  
453    x3     y2     4490, 3878, 4502          4469, 4322, 4607          9.9382   9.5408  
454    x3     y2     4500, 3896, 4506          4486, 4326, 4607          9.9251   9.5286  
455    x3     y2     4510, 3914, 4510          4503, 4330, 4607          9.9121   9.5165  
456    x1     y2     4520, 3932, 4514          4512, 4340, 4620          9.9123   9.5175  
457    x1     y2     4530, 3950, 4518          4521, 4350, 4633          9.9125   9.5186  
458    x1     y2     4540, 3968, 4522          4530, 4360, 4646          9.9127   9.5197  
459    x1     y2     4550, 3986, 4526          4539, 4370, 4659          9.9129   9.5207  
460    x1     y2     4560, 4004, 4530          4548, 4380, 4672          9.9130   9.5217  
461    x1     y2     4570, 4022, 4534          4557, 4390, 4685          9.9132   9.5228  
462    x1     y2     4580, 4040, 4538          4566, 4400, 4698          9.9134   9.5238  
463    x1     y2     4590, 4058, 4542          4575, 4410, 4711          9.9136   9.5248  
464    x1     y2     4600, 4076, 4546          4584, 4420, 4724          9.9138   9.5259  
465    x1     y2     4610, 4094, 4550          4593, 4430, 4737          9.9140   9.5269  
466    x1     y2     4620, 4112, 4554          4602, 4440, 4750          9.9142   9.5279  
467    x1     y2     4630, 4130, 4558          4611, 4450, 4763          9.9143   9.5289  
468    x1     y2     4640, 4148, 4562          4620, 4460, 4776          9.9145   9.5299  
469    x1     y2     4650, 4166, 4566          4629, 4470, 4789          9.9147   9.5309  
470    x1     y2     4660, 4184, 4570          4638, 4480, 4802          9.9149   9.5319  
471    x1     y2     4670, 4202, 4574          4647, 4490, 4815          9.9151   9.5329  
472    x1     y2     4680, 4220, 4578          4656, 4500, 4828          9.9153   9.5339  
473    x1     y2     4690, 4238, 4582          4665, 4510, 4841          9.9154   9.5349  
474    x1     y2     4700, 4256, 4586          4674, 4520, 4854          9.9156   9.5359  
475    x1     y2     4710, 4274, 4590          4683, 4530, 4867          9.9158   9.5368  
476    x1     y2     4720, 4292, 4594          4692, 4540, 4880          9.9160   9.5378  
477    x1     y2     4730, 4310, 4598          4701, 4550, 4893          9.9161   9.5388  
478    x1     y2     4740, 4328, 4602          4710, 4560, 4906          9.9163   9.5397  
479    x1     y2     4750, 4346, 4606          4719, 4570, 4919          9.9165   9.5407  
480    x1     y2     4760, 4364, 4610          4728, 4580, 4932          9.9167   9.5417  
481    x1     y2     4770, 4382, 4614          4737, 4590, 4945          9.9168   9.5426  
482    x1     y2     4780, 4400, 4618          4746, 4600, 4958          9.9170   9.5436  
483    x1     y2     4790, 4418, 4622          4755, 4610, 4971          9.9172   9.5445  
484    x1     y2     4800, 4436, 4626          4764, 4620, 4984          9.9174   9.5455  
485    x1     y2     4810, 4454, 4630          4773, 4630, 4997          9.9175   9.5464  
486    x1     y2     4820, 4472, 4634          4782, 4640, 5010          9.9177   9.5473  
487    x1     y2     4830, 4490, 4638          4791, 4650, 5023          9.9179   9.5483  
488    x1     y2     4840, 4508, 4642          4800, 4660, 5036          9.9180   9.5492  
489    x1     y2     4850, 4526, 4646          4809, 4670, 5049          9.9182   9.5501  
490    x1     y2     4860, 4544, 4650          4818, 4680, 5062          9.9184   9.5510  
491    x1     y2     4870, 4562, 4654          4827, 4690, 5075          9.9185   9.5519  
492    x1     y2     4880, 4580, 4658          4836, 4700, 5088          9.9187   9.5528  
493    x1     y2     4890, 4598, 4662          4845, 4710, 5101          9.9189   9.5538  
494    x1     y2     4900, 4616, 4666          4854, 4720, 5114          9.9190   9.5547  
495    x1     y2     4910, 4634, 4670          4863, 4730, 5127          9.9192   9.5556  
496    x1     y2     4920, 4652, 4674          4872, 4740, 5140          9.9194   9.5565  
497    x1     y2     4930, 4670, 4678          4881, 4750, 5153          9.9195   9.5573  
498    x1     y2     4940, 4688, 4682          4890, 4760, 5166          9.9197   9.5582  
499    x1     y2     4950, 4706, 4686          4899, 4770, 5179          9.9198   9.5591  
500    x1     y2     4960, 4724, 4690          4908, 4780, 5192          9.9200   9.5600  
501    x1     y2     4970, 4742, 4694          4917, 4790, 5205          9.9202   9.5609  
502    x1     y2     4980, 4760, 4698          4926, 4800, 5218          9.9203   9.5618  
503    x1     y2     4990, 4778, 4702          4935, 4810, 5231          9.9205   9.5626  
504    x1     y2     5000, 4796, 4706          4944, 4820, 5244          9.9206   9.5635  
505    x1     y2     5010, 4814, 4710          4953, 4830, 5257          9.9208   9.5644  
506    x1     y2     5020, 4832, 4714          4962, 4840, 5270          9.9209   9.5652  
507    x1     y2     5030, 4850, 4718          4971, 4850, 5283          9.9211   9.5661  
508    x1     y2     5040, 4868, 4722          4980, 4860, 5296          9.9213   9.5669  
509    x1     y2     5050, 4886, 4726          4989, 4870, 5309          9.9214   9.5678  
510    x1     y2     5060, 4904, 4730          4998, 4880, 5322          9.9216   9.5686  
511    x1     y2     5070, 4922, 4734          5007, 4890, 5335          9.9217   9.5695  
512    x1     y2     5080, 4940, 4738          5016, 4900, 5348          9.9219   9.5703  
513    x1     y2     5090, 4958, 4742          5025, 4910, 5361          9.9220   9.5712  
514    x1     y2     5100, 4976, 4746          5034, 4920, 5374          9.9222   9.5720  
515    x1     y2     5110, 4994, 4750          5043, 4930, 5387          9.9223   9.5728  
516    x1     y2     5120, 5012, 4754          5052, 4940, 5400          9.9225   9.5736  
517    x1     y2     5130, 5030, 4758          5061, 4950, 5413          9.9226   9.5745  
518    x1     y2     5140, 5048, 4762          5070, 4960, 5426          9.9228   9.5753  
519    x1     y2     5150, 5066, 4766          5079, 4970, 5439          9.9229   9.5761  
520    x1     y2     5160, 5084, 4770          5088, 4980, 5452          9.9231   9.5769  
521    x1     y2     5170, 5102, 4774          5097, 4990, 5465          9.9232   9.5777  
522    x1     y2     5180, 5120, 4778          5106, 5000, 5478          9.9234   9.5785  
523    x1     y2     5190, 5138, 4782          5115, 5010, 5491          9.9235   9.5793  
524    x1     y2     5200, 5156, 4786          5124, 5020, 5504          9.9237   9.5802  
525    x1     y2     5210, 5174, 4790          5133, 5030, 5517          9.9238   9.5810  
526    x1     y2     5220, 5192, 4794          5142, 5040, 5530          9.9240   9.5817  
527    x1     y2     5230, 5210, 4798          5151, 5050, 5543          9.9241   9.5825  
528    x1     y2     5240, 5228, 4802          5160, 5060, 5556          9.9242   9.5833  
529    x1     y2     5250, 5246, 4806          5169, 5070, 5569          9.9244   9.5841  
530    x1     y2     5260, 5264, 4810          5178, 5080, 5582          9.9321   9.5849  
531    x2     y2     5270, 5282, 4814          5179, 5098, 5593          9.9473   9.6008  
532    x2     y2     5280, 5300, 4818          5180, 5116, 5604          9.9624   9.6165  
533    x2     y2     5290, 5318, 4822          5181, 5134, 5615          9.9775   9.6323  
534    x2     y2     5300, 5336, 4826          5182, 5152, 5626          9.9925   9.6479  
535    x2     y2     5310, 5354, 4830          5183, 5170, 5637          10.0075  9.6636  
536    x2     y2     5320, 5372, 4834          5184, 5188, 5648          10.0224  9.6716  
537    x2     y1     5329, 5373, 4851          5185, 5206, 5659          10.0056  9.6555  
538    x2     y1     5338, 5374, 4868          5186, 5224, 5670          9.9888   9.6394  
539    x2     y1     5347, 5375, 4885          5187, 5242, 5681          9.9722   9.6234  
540    x2     y1     5356, 5376, 4902          5188, 5260, 5692          9.9556   9.6074  
541    x2     y1     5365, 5377, 4919          5189, 5278, 5703          9.9390   9.5915  
542    x2     y1     5374, 5378, 4936          5190, 5296, 5714          9.9225   9.5756  
543    x2     y1     5383, 5379, 4953          5191, 5314, 5725          9.9134   9.5599  
544    x1     y1     5392, 5380, 4970          5200, 5324, 5738          9.9118   9.5588  
545    x1     y1     5401, 5381, 4987          5209, 5334, 5751          9.9101   9.5578  
546    x1     y1     5410, 5382, 5004          5218, 5344, 5764          9.9084   9.5568  
547    x1     y1     5419, 5383, 5021          5227, 5354, 5777          9.9068   9.5558  
548    x1     y1     5428, 5384, 5038          5236, 5364, 5790          9.9051   9.5547  
549    x1     y1     5437, 5385, 5055          5245, 5374, 5803          9.9035   9.5537  
550    x1     y1     5446, 5386, 5072          5254, 5384, 5816          9.9018   9.5527  
551    x1     y1     5455, 5387, 5089          5263, 5394, 5829          9.9002   9.5517  
552    x1     y1     5464, 5388, 5106          5272, 5404, 5842          9.8986   9.5507  
553    x1     y1     5473, 5389, 5123          5281, 5414, 5855          9.8969   9.5497  
554    x1     y1     5482, 5390, 5140          5290, 5424, 5868          9.8953   9.5487  
555    x1     y1     5491, 5391, 5157          5299, 5434, 5881          9.8937   9.5477  
556    x1     y1     5500, 5392, 5174          5308, 5444, 5894          9.8921   9.5468  
557    x1     y1     5509, 5393, 5191          5317, 5454, 5907          9.8905   9.5458  
558    x1     y1     5518, 5394, 5208          5326, 5464, 5920          9.8889   9.5448  
559    x1     y1     5527, 5395, 5225          5335, 5474, 5933          9.8873   9.5438  
560    x1     y1     5536, 5396, 5242          5344, 5484, 5946          9.8857   9.5429  
561    x1     y1     5545, 5397, 5259          5353, 5494, 5959          9.8841   9.5419  
562    x1     y1     5554, 5398, 5276          5362, 5504, 5972          9.8826   9.5409  
563    x1     y1     5563, 5399, 5293          5371, 5514, 5985          9.8810   9.5400  
564    x1     y1     5572, 5400, 5310          5380, 5524, 5998          9.8794   9.5390  
565    x1     y1     5581, 5401, 5327          5389, 5534, 6011          9.8779   9.5381  
566    x1     y1     5590, 5402, 5344          5398, 5544, 6024          9.8763   9.5371  
567    x1     y1     5599, 5403, 5361          5407, 5554, 6037          9.8748   9.5362  
568    x1     y1     5608, 5404, 5378          5416, 5564, 6050          9.8732   9.5352  
569    x1     y1     5617, 5405, 5395          5425, 5574, 6063          9.8717   9.5343  
570    x1     y1     5626, 5406, 5412          5434, 5584, 6076          9.8702   9.5333  
571    x1     y1     5635, 5407, 5429          5443, 5594, 6089          9.8687   9.5324  
572    x1     y1     5644, 5408, 5446          5452, 5604, 6102          9.8671   9.5315  
573    x1     y1     5653, 5409, 5463          5461, 5614, 6115          9.8656   9.5305  
574    x1     y1     5662, 5410, 5480          5470, 5624, 6128          9.8641   9.5296  
575    x1     y1     5671, 5411, 5497          5479, 5634, 6141          9.8626   9.5287  
576    x1     y1     5680, 5412, 5514          5488, 5644, 6154          9.8611   9.5278  
577    x1     y1     5689, 5413, 5531          5497, 5654, 6167          9.8596   9.5269  
578    x1     y1     5698, 5414, 5548          5506, 5664, 6180          9.8581   9.5260  
579    x1     y1     5707, 5415, 5565          5515, 5674, 6193          9.8566   9.5250  
580    x1     y1     5716, 5416, 5582          5524, 5684, 6206          9.8552   9.5241  
581    x1     y1     5725, 5417, 5599          5533, 5694, 6219          9.8537   9.5232  
582    x1     y1     5734, 5418, 5616          5542, 5704, 6232          9.8522   9.5223  
583    x1     y1     5743, 5419, 5633          5551, 5714, 6245          9.8508   9.5214  
584    x1     y1     5752, 5420, 5650          5560, 5724, 6258          9.8493   9.5205  
585    x1     y1     5761, 5421, 5667          5569, 5734, 6271          9.8479   9.5197  
586    x1     y1     5770, 5422, 5684          5578, 5744, 6284          9.8464   9.5188  
587    x1     y1     5779, 5423, 5701          5587, 5754, 6297          9.8450   9.5179  
588    x1     y1     5788, 5424, 5718          5596, 5764, 6310          9.8435   9.5170  
589    x1     y1     5797, 5425, 5735          5605, 5774, 6323          9.8421   9.5161  
590    x1     y1     5806, 5426, 5752          5614, 5784, 6336          9.8407   9.5153  
591    x1     y1     5815, 5427, 5769          5623, 5794, 6349          9.8393   9.5144  
592    x1     y1     5824, 5428, 5786          5632, 5804, 6362          9.8378   9.5135  
593    x1     y1     5833, 5429, 5803          5641, 5814, 6375          9.8364   9.5126  
594    x1     y1     5842, 5430, 5820          5650, 5824, 6388          9.8350   9.5118  
595    x1     y1     5851, 5431, 5837          5659, 5834, 6401          9.8336   9.5109  
596    x1     y1     5860, 5432, 5854          5668, 5844, 6414          9.8322   9.5101  
597    x1     y1     5869, 5433, 5871          5677, 5854, 6427          9.8342   9.5092  
598    x3     y1     5878, 5434, 5888          5694, 5858, 6427          9.8462   9.5217  
599    x3     y1     5887, 5435, 5905          5711, 5862, 6427          9.8581   9.5342  
600    x3     y1     5896, 5436, 5922          5728, 5866, 6427          9.8700   9.5467  
601    x3     y1     5905, 5437, 5939          5745, 5870, 6427          9.8819   9.5591  
602    x3     y1     5914, 5438, 5956          5762, 5874, 6427          9.8937   9.5714  
603    x3     y1     5923, 5439, 5973          5779, 5878, 6427          9.9055   9.5837  
604    x3     y1     5932, 5440, 5990          5796, 5882, 6427          9.9172   9.5960  
605    x3     y1     5941, 5441, 6007          5813, 5886, 6427          9.9289   9.6083  
606    x3     y1     5950, 5442, 6024          5830, 5890, 6427          9.9406   9.6205  
607    x3     y1     5959, 5443, 6041          5847, 5894, 6427          9.9522   9.6326  
608    x3     y1     5968, 5444, 6058          5864, 5898, 6427          9.9638   9.6447  
609    x3     y1     5977, 5445, 6075          5881, 5902, 6427          9.9754   9.6568  
610    x3     y1     5986, 5446, 6092          5898, 5906, 6427          9.9869   9.6689  
611    x3     y1     5995, 5447, 6109          5915, 5910, 6427          9.9984   9.6727  
612    x3     y2     6005, 5465, 6113          5932, 5914, 6427          9.9886   9.6634  
613    x3     y2     6015, 5483, 6117          5949, 5918, 6427          9.9788   9.6542  
614    x3     y2     6025, 5501, 6121          5966, 5922, 6427          9.9691   9.6450  
615    x3     y2     6035, 5519, 6125          5983, 5926, 6427          9.9593   9.6358  
616    x3     y2     6045, 5537, 6129          6000, 5930, 6427          9.9497   9.6266  
617    x3     y2     6055, 5555, 6133          6017, 5934, 6427          9.9400   9.6175  
618    x3     y2     6065, 5573, 6137          6034, 5938, 6427          9.9304   9.6084  
619    x3     y2     6075, 5591, 6141          6051, 5942, 6427          9.9208   9.5994  
620    x3     y2     6085, 5609, 6145          6068, 5946, 6427          9.9113   9.5903  
621    x3     y2     6095, 5627, 6149          6085, 5950, 6427          9.9018   9.5813  
622    x3     y2     6105, 5645, 6153          6102, 5954, 6427          9.8923   9.5723  
623    x3     y2     6115, 5663, 6157          6119, 5958, 6427          9.8828   9.5634  
624    x3     y2     6125, 5681, 6161          6136, 5962, 6427          9.8734   9.5545  
625    x3     y2     6135, 5699, 6165          6153, 5966, 6427          9.8640   9.5456  
626    x3     y2     6145, 5717, 6169          6170, 5970, 6427          9.8546   9.5367  
627    x3     y2     6155, 5735, 6173          6187, 5974, 6427          9.8453   9.5279  
628    x3     y2     6165, 5753, 6177          6204, 5978, 6427          9.8360   9.5191  
629    x3     y2     6175, 5771, 6181          6221, 5982, 6427          9.8267   9.5103  
630    x3     y2     6185, 5789, 6185          6238, 5986, 6427          9.8175   9.5016  
631    x1     y2     6195, 5807, 6189          6247, 5996, 6440          9.8177   9.5024  
632    x1     y2     6205, 5825, 6193          6256, 6006, 6453          9.8180   9.5032  
633    x1     y2     6215, 5843, 6197          6265, 6016, 6466          9.8183   9.5039  
634    x1     y2     6225, 5861, 6201          6274, 6026, 6479          9.8186   9.5047  
635    x1     y2     6235, 5879, 6205          6283, 6036, 6492          9.8189   9.5055  
636    x1     y2     6245, 5897, 6209          6292, 6046, 6505          9.8192   9.5063  
637    x1     y2     6255, 5915, 6213          6301, 6056, 6518          9.8195   9.5071  
638    x1     y2     6265, 5933, 6217          6310, 6066, 6531          9.8197   9.5078  
639    x1     y2     6275, 5951, 6221          6319, 6076, 6544          9.8200   9.5086  
640    x1     y2     6285, 5969, 6225          6328, 6086, 6557          9.8203   9.5094  
641    x1     y2     6295, 5987, 6229          6337, 6096, 6570          9.8206   9.5101  
642    x1     y2     6305, 6005, 6233          6346, 6106, 6583          9.8209   9.5109  
643    x1     y2     6315, 6023, 6237          6355, 6116, 6596          9.8212   9.5117  
644    x1     y2     6325, 6041, 6241          6364, 6126, 6609          9.8214   9.5124  
645    x1     y2     6335, 6059, 6245          6373, 6136, 6622          9.8217   9.5132  
646    x1     y2     6345, 6077, 6249          6382, 6146, 6635          9.8220   9.5139  
647    x1     y2     6355, 6095, 6253          6391, 6156, 6648          9.8223   9.5147  
648    x1     y2     6365, 6113, 6257          6400, 6166, 6661          9.8225   9.5154  
649    x1     y2     6375, 6131, 6261          6409, 6176, 6674          9.8228   9.5162  
650    x1     y2     6385, 6149, 6265          6418, 6186, 6687          9.8231   9.5169  
651    x1     y2     6395, 6167, 6269          6427, 6196, 6700          9.8233   9.5177  
652    x1     y2     6405, 6185, 6273          6436, 6206, 6713          9.8236   9.5184  
653    x1     y2     6415, 6203, 6277          6445, 6216, 6726          9.8239   9.5191  
654    x1     y2     6425, 6221, 6281          6454, 6226, 6739          9.8242   9.5199  
655    x1     y2     6435, 6239, 6285          6463, 6236, 6752          9.8244   9.5206  
656    x1     y2     6445, 6257, 6289          6472, 6246, 6765          9.8247   9.5213  
657    x1     y2     6455, 6275, 6293          6481, 6256, 6778          9.8250   9.5221  
658    x1     y2     6465, 6293, 6297          6490, 6266, 6791          9.8252   9.5228  
659    x1     y2     6475, 6311, 6301          6499, 6276, 6804          9.8255   9.5235  
660    x1     y2     6485, 6329, 6305          6508, 6286, 6817          9.8258   9.5242  
661    x1     y2     6495, 6347, 6309          6517, 6296, 6830          9.8260   9.5250  
662    x1     y2     6505, 6365, 6313          6526, 6306, 6843          9.8263   9.5257  
663    x1     y2     6515, 6383, 6317          6535, 6316, 6856          9.8265   9.5264  
664    x1     y2     6525, 6401, 6321          6544, 6326, 6869          9.8268   9.5271  
665    x1     y2     6535, 6419, 6325          6553, 6336, 6882          9.8271   9.5278  
666    x1     y2     6545, 6437, 6329          6562, 6346, 6895          9.8273   9.5285  
667    x1     y2     6555, 6455, 6333          6571, 6356, 6908          9.8276   9.5292  
668    x1     y2     6565, 6473, 6337          6580, 6366, 6921          9.8278   9.5299  
669    x1     y2     6575, 6491, 6341          6589, 6376, 6934          9.8281   9.5306  
670    x1     y2     6585, 6509, 6345          6598, 6386, 6947          9.8284   9.5313  
671    x1     y2     6595, 6527, 6349          6607, 6396, 6960          9.8286   9.5320  
672    x1     y2     6605, 6545, 6353          6616, 6406, 6973          9.8289   9.5327  
673    x1     y2     6615, 6563, 6357          6625, 6416, 6986          9.8291   9.5334  
674    x1     y2     6625, 6581, 6361          6634, 6426, 6999          9.8294   9.5341  
675    x1     y2     6635, 6599, 6365          6643, 6436, 7012          9.8296   9.5348  
676    x1     y2     6645, 6617, 6369          6652, 6446, 7025          9.8299   9.5355  
677    x1     y2     6655, 6635, 6373          6661, 6456, 7038          9.8301   9.5362  
678    x1     y2     6665, 6653, 6377          6670, 6466, 7051          9.8304   9.5369  
679    x1     y2     6675, 6671, 6381          6679, 6476, 7064          9.8306   9.5376  
680    x1     y2     6685, 6689, 6385          6688, 6486, 7077          9.8368   9.5382  
681    x2     y2     6695, 6707, 6389          6689, 6504, 7088          9.8488   9.5507  
682    x2     y2     6705, 6725, 6393          6690, 6522, 7099          9.8607   9.5630  
683    x2     y2     6715, 6743, 6397          6691, 6540, 7110          9.8726   9.5754  
684    x2     y2     6725, 6761, 6401          6692, 6558, 7121          9.8845   9.5877  
685    x2     y2     6735, 6779, 6405          6693, 6576, 7132          9.8964   9.6000  
686    x2     y2     6745, 6797, 6409          6694, 6594, 7143          9.9082   9.6122  
687    x2     y2     6755, 6815, 6413          6695, 6612, 7154          9.9199   9.6245  
688    x2     y2     6765, 6833, 6417          6696, 6630, 7165          9.9317   9.6366  
689    x2     y2     6775, 6851, 6421          6697, 6648, 7176          9.9434   9.6488  
690    x2     y2     6785, 6869, 6425          6698, 6666, 7187          9.9551   9.6609  
691    x2     y2     6795, 6887, 6429          6699, 6684, 7198          9.9667   9.6729  
692    x2     y2     6805, 6905, 6433          6700, 6702, 7209          9.9783   9.6821  
693    x2     y1     6814, 6906, 6450          6701, 6720, 7220          9.9654   9.6696  
694    x2     y1     6823, 6907, 6467          6702, 6738, 7231          9.9524   9.6571  
695    x2     y1     6832, 6908, 6484          6703, 6756, 7242          9.9396   9.6446  
696    x2     y1     6841, 6909, 6501          6704, 6774, 7253          9.9267   9.6322  
697    x2     y1     6850, 6910, 6518          6705, 6792, 7264          9.9139   9.6198  
698    x2     y1     6859, 6911, 6535          6706, 6810, 7275          9.9011   9.6074  
699    x2     y1     6868, 6912, 6552          6707, 6828, 7286          9.8884   9.5951  
700    x2     y1     6877, 6913, 6569          6708, 6846, 7297          9.8757   9.5829  
701    x2     y1     6886, 6914, 6586          6709, 6864, 7308          9.8631   9.5706  
702    x2     y1     6895, 6915, 6603          6710, 6882, 7319          9.8504   9.5584  
703    x2     y1     6904, 6916, 6620          6711, 6900, 7330          9.8378   9.5462  
704    x2     y1     6913, 6917, 6637          6712, 6918, 7341          9.8253   9.5341  
705    x2     y1     6922, 6918, 6654          6713, 6936, 7352          9.8184   9.5220  
706    x1     y1     6931, 6919, 6671          6722, 6946, 7365          9.8173   9.5212  
707    x1     y1     6940, 6920, 6688          6731, 6956, 7378          9.8161   9.5205  
708    x1     y1     6949, 6921, 6705          6740, 6966, 7391          9.8150   9.5198  
709    x1     y1     6958, 6922, 6722          6749, 6976, 7404          9.8138   9.5190  
710    x1     y1     6967, 6923, 6739          6758, 6986, 7417          9.8127   9.5183  